593.000368252251
3573.00219932731
3573.00219944518
9004.0055345693
4511.00277153964
15484.0095845451
9888.00613906715
9024.005602541
9064.00563055431
9008.00560579446
9008.00561369178
9000.00562541609
1641.0010271371
3216.0016205431
3200.00161252028
3201.0016145221
4779.00240863601
3200.00161556527
3201.00161526861
3201.00161790106
4588.00232006106
3201.00161843147
3202.0016179973
3201.00161935479
3201.00161976734
3201.00162082817
4278.00216253163
3201.00162029776
3201.00162249801
3201.00162021918
3201.00162065137
3200.00162244105
3202.00162106194
3201.00162239978
3201.00162660383
915.000464720652
3364.0017115802
3040.00154751702
9002.00457575556
2098.00106709445
650.000329929753
2018.00102666602
1702.00087205594
593.000303894951
887.000456878741
739.000379318168
649.000334273296
3508.00180718288
8999.00472394438
9000.00499219605
9000.00529213721
9000.00554190483
9000.00573287471
9000.00586339665
9000.00596657264
9000.00606018148
9000.00615848548
9000.00624525783
9000.00632843512
9000.00638245911
4585.0032756236
9006.00646289386
9016.00649786196
9000.0064899963
9168.00662142341
9008.00652496837
9008.00653484985
9000.00653347088
9000.00655297845
9000.00658792706
9000.00661916274
9072.00669703088
3225.00238648718
592.000439723051
790.000585863891
740.000549540855
650.000481746974
9002.00656165762
82.0000568870455
