2340.00137881521
3533.00206847198
3533.00206379645
3532.00206061592
3532.00205578323
3534.00205589714
3532.00205189351
3535.00205200544
3534.00204925711
3534.00204906065
3534.00205165381
3532.00204937893
3533.00204945554
3532.00204658933
3534.00204996433
3534.00204701757
3532.00204588211
3536.00204893883
3530.00204883283
3534.00204882491
3534.00205306825
3534.00205314683
3535.00205440214
3533.00205424894
3531.00205523515
3534.00205621147
3534.00205790094
3534.00205935468
3533.00206234271
3534.00206100487
3534.00206642691
3646.00213205558
3533.0020680005
3533.00206222484
3532.00204804307
3533.0020432084
3535.00203448202
3533.00203008548
765.000439282448
3533.00202026294
3533.00201558741
3533.00201696256
3533.00201786624
3533.00201436941
3534.00201059558
3533.00201071543
3535.00201008283
3534.00201055629
3534.00200847391
3533.00200678641
3533.00200698286
3533.00200505764
3535.0020085898
3533.00200627564
3531.00200561166
3535.00200470007
3534.0020045056
3534.00200780598
3533.00200552912
3534.00200670585
9004.00511190528
3400.00193098385
3966.00225703296
2138.0012276335
591.000336961588
886.000507172139
650.000372009526
3494.00199672673
3494.00199951633
3494.00200694217
3495.00201224437
3494.00201896497
3494.00202631223
3493.00203102903
3495.00203644711
3493.00203597959
3493.00204250176
3494.00204548583
3494.00205165439
3495.00205137738
3494.00205648708
3494.00205695856
3494.0020575872
3493.00206218613
3493.00206195039
3493.00206599728
3493.00206587941
3494.00206961
3494.00206913851
3493.0020675296
3492.00206867099
3493.00206772605
3494.00206792052
3493.00206957269
3493.00206607586
3493.00206485786
3494.00206575956
3607.00213052187
3493.00206242187
3493.00206560438
3493.00206214684
3493.00206218613
3494.00206253777
3493.0020591215
3494.00205794082
3494.00206163409
3495.00206053199
3494.00206096616
3493.00207405176
3450.0020496198
3484.00206966908
3479.00206885388
9118.00546151935
2199.00131972681
4679.00280874892
591.000354956486
3493.00209554349
3493.00208654604
3494.00208182924
3494.00206776336
3494.00206065184
3494.00205177226
3495.00204045471
3494.00203432742
3493.00202894665
3495.00202108466
3493.00201767037
3493.00201071601
3493.00200745492
3493.00200478319
3494.00200501696
3494.00200222735
3493.00200226862
3493.00199818244
3494.00199947704
3493.00199790741
3493.00199798599
3494.00199601951
3493.00199625723
3494.00199711963
3495.00199825707
3493.00199778954
3493.00199767167
3493.00199818244
3495.00199876784
3494.00199998781
3493.00199920399
3608.00206557324
3494.00199983065
3495.00200033945
3493.00199979334
3493.0020003434
3494.00200081291
3494.00200061646
3495.00200214679
3493.00200152211
3494.00200214877
3494.00200340606
3494.00200372038
3495.00200497569
3493.0020031723
3493.00200309372
3493.00200470461
3493.0020063548
3493.00200741563
3493.00200733705
3493.00200820144
3494.00200937816
3495.00201035844
3493.00201055885
3493.00201051956
3493.00201142323
3493.00201189471
3493.00201319129
3494.00201448589
3494.00201546814
9001.00519489206
2735.00157970993
3689.00213220622
