2120.00133013789
590.000371774659
743.000470404513
593.000374990515
592.000375149655
4336.00273811608
2506.00157654844
591.000373776478
738.000466013909
647.000409223256
649.000419316872
4071.00262866734
2644.00171198358
589.000383367238
739.000480117102
592.000383439881
5426.00379903306
593.000401668542
4064.00275150227
2622.00173866586
590.000389219495
739.000486089208
592.000388272572
591.000426386017
1255.00090460846
584.000404868857
877.000606790534
647.000445173762
3363.00230050256
3335.00226374308
593.000370079244
1192.00074234686
584.000367268163
877.000552020036
649.000409297878
593.000381630554
1254.00080693507
585.000378267432
876.000566048606
646.000416533207
650.00041192834
1195.00075495307
647.000411777117
1194.0007283556
591.000375112344
1074.00068356656
593.000376758573
743.000471543928
590.000364820298
2084.00129610527
2082.00130604964
648.000397198484
755.000462286989
679.000415249902
594.000362572842
742.000452490174
650.000396448013
3530.00207680743
5824.00340978347
595.000354437798
742.000442196149
649.000386038097
5800.00341030245
642.000388527231
5789.0035051314
588.000366081542
3542.00220109778
3480.00215344364
5781.0034597278
589.000362386287
1194.00069802359
670.000410945795
856.00052542286
51.000031134754
5726.0045557181
594.000479578972
886.000714467082
592.00047722552
5794.00339805579
589.000352917355
680.000519799069
1194.00091235148
587.00044395664
650.00045554043
1193.000836602
593.00042186369
680.000463024771
1192.00081192976
592.000424812431
3637.00253134011
1954.00116804085
1955.00117581832
1956.00118583534
679.000465030549
1195.00082033192
593.00040811213
887.000609835377
649.00044418755
1890.00130175409
1801.00122283911
592.000379785895
4924.00316132553
589.000384703104
790.000492864056
650.000405484752
4249.00265228207
2324.00144485437
591.000370436814
790.000488109945
649.000401872036
1201.00074287911
592.00037157425
2765.00167131453
648.000392247923
1201.0007257486
590.000359987607
878.00053449464
591.000359356985
593.000394242699
4307.0028647664
2036.00132342835
2859.00174063281
2860.00173489447
2858.00172884774
2893.00178810663
649.000401361263
1204.00074216595
588.000364549225
880.000544941868
593.000367996865
742.000452725915
650.000398451812
1214.00074662524
584.000370450667
782.000496258843
648.000410950044
648.000398770091
1203.00074091065
592.000406424631
3301.00226443901
1961.00130487466
589.00038379943
587.000463248114
4432.00350007683
1535.00113551272
61.0000428627245
651.000417937757
1207.00077312067
588.000371621456
738.000467114034
588.000371542876
592.000395816285
4192.0028301829
590.000390633941
739.000488014426
588.0003862374
886.000533457263
592.000356368953
3238.0019487493
589.000358260819
588.000357555575
4218.00256908755
2220.00134192349
589.000356610632
8522.00568170229
2188.00159792299
591.000466226251
593.000413023401
4266.00298586127
1432.00106593722
590.000474007684
3218.00261405006
3161.00258799561
3160.00237198023
3161.00233724574
593.000402493635
3997.00272369955
596.000386693049
883.000570788863
649.000417313073
587.00034050562
4083.00237125368
2296.00133525091
590.000344428699
587.000340819941
4059.0023580211
2236.00130385894
589.000345530803
783.000459481264
590.000345450244
617.000369285233
1352.0008088235
1683.0010069767
589.000347888214
741.000437561888
646.00038062199
743.000438500894
649.000383287785
3209.00189686508
2032.00120705878
589.000353388838
784.000471816398
593.00035762426
3495.00207821256
3480.00207093428
3478.00206928805
593.000355031108
4062.00244052452
2058.00134562305
588.00042764924
588.000429770909
1256.00091839733
590.00049388851
592.000351418392
4025.00238857756
2060.00122884871
653.000389723456
649.000430121669
3918.00265077618
1809.00134124386
594.000468420563
886.000702719321
649.000518367393
650.000418568379
2714.00174209848
650.000395151437
3888.0023596168
2061.00125273515
590.000361637794
649.000403561513
3942.00245207758
2113.00130708842
590.000363916624
882.000543366303
593.000363832107
591.000422771322
3277.00237135577
2139.00152203278
588.000395824201
592.000405324507
3966.00276242243
2160.0014992815
584.000388759887
592.000389294117
3766.00249894545
583.000370766968
592.000378764351
3242.00208523544
2108.00135322497
588.000371228554
886.000558995875
592.000372242182
1787.00114852982
1783.0011538812
1786.001162912
1786.00117045571
1785.0011768227
1786.00118554314
1785.00119261735
1786.00120825286
1785.00120801909
1785.00121454126
1785.00122059195
1787.00122711016
1785.00123182894
1786.00123669894
1785.0012423587
681.000474691973
1786.0012512363
1786.001254851
1786.00125940866
1785.00126137515
1785.001265147
1785.00126711151
1785.00127237639
680.000485066557
1786.00127583195
1786.00127944665
1785.00128180603
1785.00128463493
1785.00128887827
1785.00129202148
1785.00129563618
1786.00130074192
1785.0013015297
1786.00130412087
1785.00130569446
1786.00130836421
1786.00130946434
1785.00131025212
1786.00131300045
1785.00131363107
1785.00131355249
1786.00131457206
1786.00131669373
1785.00131653855
1786.00132022984
1786.00132172287
1786.00132463034
1784.00132408424
648.000414171838
4362.00277271855
1989.00124997017
594.000369330752
742.000461134012
649.000402461388
1384.00084168534
904.000549687771
584.000348762493
3235.00209546473
583.000374381663
1576.00100483105
2276.00144954631
1684.00106905319
742.000466477475
650.000408510095
4164.00262860116
2024.00128471199
590.000368867186
592.000356919016
4422.00267162407
2155.0013173779
593.000362103339
3001.00254792196
3001.00261660118
650.000570071279
3878.00341717084
589.000531687634
743.000669212779
592.000531053054
590.0003536226
3941.00239204417
679.000482003903
2350.00203513773
677.000588562805
3862.00337783375
591.000520761008
648.000401677564
4129.00256116991
591.000364071806
649.000403482933
4364.00272210885
590.000368474284
4678.0028031324
592.000365327112
886.000545951538
649.000399396755
593.00035314518
3929.0023685724
651.000475615729
3001.00221772736
650.000499348971
3854.00298738386
588.000495385495
742.000627567177
593.000502604991
593.000361631857
1303.00079454028
590.000371774659
1077.00067853148
593.000372240203
3397.00212822645
592.000381828984
4309.00276865868
595.000372550567
2083.00152764423
800.000484043267
1205.00073242001
745.00045994937
740.000483140466
1257.00081702671
596.000378284953
799.000480823452
1205.00072581926
591.000369729591
3335.00210391067
4857.00305840001
3336.00209848664
3335.00209683843
3334.00209558313
3334.00209416868
3335.00209228077
3335.00208890182
3335.00208473706
3335.00208088662
3335.00207640755
3335.0020705926
3336.00206556148
3335.00206092722
3334.00205574289
3335.00205291202
3335.00204898301
3335.00204473967
3335.00203971053
3335.00203468138
3335.00203240255
3336.00203200767
3276.00199480075
3410.00207767356
3334.00203444762
3334.00203696219
3334.00204191275
3335.00204615411
3335.00205016171
3334.00205283542
3334.00205833605
3335.00206509198
6106.00380904216
587.000369973248
1030.00065009983
800.000507224468
1213.00076847256
592.000379235833
1124.00071843585
592.000374599593
892.000563777401
799.000502040144
3344.00209226296
3335.00207695761
799.000507697929
1211.00077067676
590.000384268933
940.000610359129
800.000517204171
800.00051916868
1205.00078239711
803.000515548047
889.000568419578
592.000375542557
799.000718607567
3938.00350506208
801.000621478306
896.000688476488
743.000557471532
800.000544000068
1212.000824188
651.000430824934
751.000496084453
592.000387329608
743.000656639924
649.000572116347
4062.00354119937
2064.00168311375
652.000489915372
756.000563810812
593.000433611451
7598.0053710955
1835.00126457657
593.000389134977
743.000507808756
648.000444661011
1217.00083675096
651.000430510612
760.000501645845
593.000388820656
1956.0013246868
1955.00131973822
1956.00131407846
1956.00130543462
1956.00129741943
2222.00166920666
8999.00643960864
193.000135640614
594.000395890907
4257.00250166701
650.00038194994
4064.0023932152
648.00039381953
4201.00249902753
649.000386509579
3901.00232360128
2056.00127018988
648.000397512806
593.000363203464
3879.00238352304
2252.00142279791
592.000371299218
3335.00204772572
3327.00204263383
650.000396172982
3861.00235825579
2212.00139553112
648.000406078063
2398.00149236689
649.000403797254
1191.00074219168
593.000374754774
2697.00157813495
649.000379673089
4225.00247304852
649.00038902415
3858.0023148068
592.000357076176
592.000368784647
3921.00245879847
2135.0013809104
593.000377033604
2329.00138948462
649.00038690248
3883.00231515022
2227.00135157502
593.000358410063
593.000358017161
4085.00246798212
2280.00141692755
650.000402302248
649.000391931622
4328.00260981021
2160.00132467598
650.000394679955
593.000358488644
1305.0007898215
591.000364464708
882.000544387847
593.000366346678
4295.00301071384
648.000454483554
4228.00297454232
593.000475180452
792.000636662124
592.000482176081
2024.00121603278
649.000390438596
3915.00235869898
2087.00128859491
593.000365875196
3427.00207606831
649.000393581809
4228.00256333139
2300.00142741774
650.000400652061
592.000364462729
4475.0027545786
2314.00145285006
650.000406074105
5254.00320652407
3254.00198510033
2301.00143574527
8354.00563182193
1907.0012755139
647.000421246048
2652.0015906397
649.000388709828
4067.00244035746
2283.00140277715
590.000361166312
649.000396725023
4000.00244929106
2173.00136071863
595.000371843344
737.000460593845
649.000405447441
592.000361162354
3984.0024302277
680.000425109756
3335.00209432386
649.000410240842
3984.00252310967
2240.00146046164
651.000426188693
3335.00207703619
3334.00207633094
651.000405757804
649.000522532151
3946.00317367294
645.000473977416
593.000447677332
3919.00294136431
2128.0015350203
592.000406581792
592.00034874666
3944.00232249463
2167.00129220844
592.000370199094
649.000495421933
1194.00091356947
2782.00202375301
592.000474318047
3531.00209998665
3531.00209794356
593.000350237708
3928.002326141
2858.00171839655
587.000357950456
593.000358645804
3928.0023732892
2724.00165941217
798.000493476866
5901.00422419491
793.0006632203
5838.003609507
792.000502839801
1032.00065402489
801.000505650882
3530.00214509375
3531.0021465848
5901.00362219091
