2404.0014696453
2171.00132284686
2171.00132041087
2171.00131773914
2170.00131632667
2170.00131546229
2170.00131671957
2171.00131766056
2170.00131876266
2283.00138910417
2170.00132269168
2170.00132449903
2171.00132496853
2171.00132512569
2170.00132764224
2172.0013359678
2170.00134705158
2170.00136669667
2170.00139192096
3901.00257859449
2171.00148291502
2171.00152047642
2170.00155426795
795.000581099885
2200.0016288599
2171.00164832664
2171.00169186015
2171.00172745704
2172.00175480102
2171.00176690437
2171.00177044049
2170.00176447036
2171.0017492238
3899.00308387005
2170.00167763908
2171.00164730509
2170.00161776086
2171.001594892
2169.00157179334
2171.00155308726
2170.00153069384
2170.00150924141
5615.00381417864
799.000528914621
893.000588371069
799.000523021095
1800.00117341406
1800.00116634183
1800.0011608412
1800.00115510484
1800.00115078292
799.000509033795
3334.00211907865
3334.00211004191
3335.00210446073
3335.00209943159
3334.00209275424
3334.00208953244
3334.00208521052
3334.00208191015
3335.00207797915
3334.00207161612
3334.00206792285
3335.0020657992
3335.00206202734
3335.00205919845
114.000071439659
3334.00205700018
3333.0020576308
3335.00205786258
3334.00205833605
3335.00205856981
3336.00205864641
3335.00205731252
3335.00205636956
3334.00205605722
110.000067439978
3335.00205770542
3335.00205919845
1135.00070261944
2815.00174237008
1864.00117124431
1801.00113160734
1801.00113207882
1801.00113239314
1801.00113270746
1800.00113176648
1801.0011329432
799.000502983108
1979.0012442536
1955.00123086385
1956.00123699114
1956.00124367047
1956.00124877819
1955.00125215913
1956.00125632191
1956.00125930796
1957.00126182055
1955.00126143161
1956.00126276549
1957.00126449228
1956.00126237259
1957.00126150623
1956.00125977944
1956.00125805067
1956.001258365
1954.00125333981
1956.00125027122
1957.00124814757
1956.00124571356
1956.001240763
1957.00123753923
1955.0012318854
1955.00122764206
1957.00122528069
1955.00122009835
1955.00121742662
1956.00121483149
1958.00121160573
1956.00120768067
1956.00120390882
1957.00120319962
1955.00119927456
830.000507950899
1957.00119801331
1933.0011817161
1955.00119322387
1955.00119385251
1957.00119455578
1955.00119385251
1955.00119283097
1957.00119471294
1955.0011947169
1956.00119581504
1956.00119612936
2067.00126474607
1956.00119848677
1956.00120131567
1955.00120288925
1957.00120775728
1956.00121090247
1956.00121428142
1955.00121664081
1955.00121954829
1956.00122190372
1956.00122465403
1956.00122685428
1958.00122865767
1955.00122795638
1957.00123258866
1957.00123447459
1957.00123801071
1956.00124288467
1953.00124878413
1955.00125765975
1956.00126362988
1957.00127054297
3264.00211929576
1956.00127408106
1956.00127596699
1956.00127690996
1957.00127832242
1956.00127659563
1956.00127690996
1956.00127533835
1957.00127533637
1956.00127376674
1955.00127078267
1956.00126928766
1957.00126826414
1953.00126269285
1956.00126205827
1955.00125805265
1956.00125640049
1956.0012539645
1956.00125121418
1956.00124854245
3504.00223747711
1956.00124202028
1957.00123918941
1957.00123659626
831.000523822149
1955.00123133534
3684.00231444393
795.000498119043
3588.00224524748
3535.00220582646
2500.00155895832
1864.00116040022
1801.00112657819
1801.00112759974
1801.00113003573
1801.00112241344
1801.00113121443
1801.00113231456
800.000504002674
1957.00123313873
1956.00123125478
825.000518019078
1955.00122795638
1957.0012260665
1956.00122339674
1955.0012222986
1956.00122151081
1957.00122033013
1956.00122001779
1956.00121954631
1956.00121923198
1955.0012282707
1956.00122088217
1955.00122072699
1955.00122104131
1956.00122284668
1955.00122363446
1956.00122402539
1956.00122520409
1956.00122536125
1956.00122551841
1956.00122394681
1958.00122622168
1956.00122433971
1955.0012226915
1954.00122292922
1956.00122331816
1956.0012227681
1956.00122331816
1957.00122575217
1957.00122968119
1957.00123502465
1956.00124209886
1956.00125019264
1956.00126064382
1955.0012694468
1957.00126873562
1956.00128586811
1955.00128854183
1955.00129168504
1957.00129545294
1955.0012930209
1956.00129317609
1955.00128956337
2379.00156509131
1954.00128060719
1956.00127934595
1955.00127738342
1955.00127502601
1956.0012743168
1956.00128303922
1951.00126969046
1956.00126991631
1957.0012680284
1957.00126574957
1956.00126260833
1957.00126095617
1957.00125852018
1957.00125490548
1956.00125239289
1957.0012508193
1956.00124602788
1956.00124264893
1957.00124115392
1955.00123683596
1956.00123573386
1955.00123204256
1952.00122898386
1958.00123038644
1957.00122960261
1955.0012282707
1956.00122858305
1955.0012175052
1957.00122936687
1956.00122991891
1956.00123062613
1956.00123023323
1956.00124131306
1956.00123023323
1955.00123007805
1956.00123188342
1955.00123070669
1954.00122960855
1956.00123023323
1955.00122921367
1955.00122858502
1956.00123007607
1956.00122984033
1955.00123015663
1955.00123157108
1957.00123628194
1956.00124099874
1957.0012492477
800.000514375279
1822.00117855682
1800.00116979936
1801.0011741193
1800.00117372838
1800.0011748285
5271.00343115162
