589.00033798709
742.000425321021
593.000337664853
2201.00123886368
2201.00124037635
2201.00124672172
2201.00125548342
2201.00126381294
2201.00126868492
2264.0012461452
593.000324777677
3397.00185466863
3335.00181699419
3335.00182068747
3334.00182917612
3334.00183829144
3334.00185184655
3336.00186859985
3334.00188561645
3334.00190685279
3334.00192970003
3335.00195152374
3335.00196653258
3335.00197680696
3333.00198127035
3334.00198452946
3335.00199075497
3334.00199543248
3334.0020071606
3335.00202163705
3335.00203639051
4914.00301966496
3335.00205334421
3335.00205218515
3333.00204657062
3334.00204277714
3334.00204036079
3334.00204397549
3334.0020509102
3334.00205961298
3334.00207024097
3334.00207629165
3334.0020789241
3335.00207780235
3334.00206898368
3335.0020593949
3334.00205045837
3334.00204935824
3334.00205334619
3335.00206322569
3335.00207426623
3334.0020813208
3328.00207948603
3336.00208049174
3334.00206971055
3335.00206128083
3334.00205745202
3334.00205580183
4728.00292133616
3334.00206648876
3335.0020756021
7939.00495968119
593.000369077345
1254.00078000166
650.000367235771
2201.00124053351
2200.00123067366
2202.00122324386
2201.00121625219
2200.00120837649
2200.00120295445
2201.00120012357
2201.00119637136
2201.00119446579
2311.00125141529
2200.00119201213
19695.0111191953
2057.00122659546
2859.00172660622
2859.0017500821
2859.0017694718
2856.0017854099
2859.00180216122
2858.00181583618
2858.00182948951
2859.001843023
2860.00185533849
2858.00186267006
2858.00186917259
2858.00187538043
2859.00188268643
2859.00189241074
2858.00190166556
2859.0019101699
2858.00191524031
1216.0008159095
7632.00516872312
11809.0080431175
9000.00605493624
9064.00599730841
9000.00586929018
9000.00581728964
9000.00578059262
9000.00576139937
9000.00574320802
9000.00573234429
7261.00461521055
